<?xml version="1.0" encoding="UTF-8" standalone="no"?>
<!DOCTYPE svg PUBLIC "-//W3C//DTD SVG 20010904//EN"
              "http://www.w3.org/TR/2001/REC-SVG-20010904/DTD/svg10.dtd">

<svg xmlns="http://www.w3.org/2000/svg"
     width="375.661mm" height="428.219mm"
     viewBox="0 0 1065 1214">
  <path id="square3"
        fill="none" stroke="black" stroke-width="1"
        d="M 658.00,866.00
           C 643.25,881.25 623.50,876.75 610.00,859.00
             600.50,840.50 604.75,837.25 588.67,824.67
             578.34,817.22 566.75,816.00 566.67,824.00
             566.67,824.00 568.50,863.00 568.50,863.00" />
  <path id="square2"
        fill="none" stroke="black" stroke-width="1"
        d="M 601.00,850.25
           C 601.00,850.25 581.25,915.25 581.25,915.25
             581.25,915.25 508.25,923.00 508.25,923.00
             508.25,923.00 479.00,925.50 479.00,925.50
             479.00,925.50 408.75,909.75 389.50,935.75
             355.50,948.00 499.75,940.75 545.25,938.00
             624.00,904.25 608.25,940.50 690.67,911.33
             690.67,911.33 618.67,916.00 618.67,916.00
             618.67,916.00 616.00,813.33 616.00,813.33
             616.00,813.33 688.00,812.00 688.00,812.00
             688.00,812.00 739.00,887.08 739.00,887.08
             739.00,887.08 683.50,933.25 679.67,886.42" />
  <path id="square1"
        fill="none" stroke="black" stroke-width="1"
        d="M 730.33,531.00
           C 743.33,635.00 701.00,632.33 725.75,782.00
             724.50,892.50 651.25,934.17 527.00,935.67
             402.75,937.17 316.00,937.33 316.00,937.33M 438.33,925.67" />
  <path id="2square3"
        fill="none" stroke="black" stroke-width="1"
        d="M 722.18,937.27
           C 722.18,937.27 667.09,938.18 667.09,938.18
             667.09,938.18 660.73,825.09 660.73,825.09" />
  <path id="office2square2"
        fill="none" stroke="black" stroke-width="1"
        d="M 818.36,425.64
           C 818.36,425.64 728.73,421.09 728.73,421.09
             728.73,421.09 726.00,813.64 726.00,813.64
             726.00,813.64 660.91,825.27 660.91,825.27" />
  <path id="office2square"
        fill="none" stroke="black" stroke-width="1"
        d="M 819.45,411.64
           C 819.45,411.64 768.00,419.64 768.00,419.64
             768.00,419.64 728.73,421.27 728.73,421.27
             728.73,421.27 728.18,538.36 728.18,538.36
             728.18,538.36 726.00,814.00 726.00,814.00
             726.00,814.00 693.33,852.00 693.33,852.00
             693.33,852.00 650.00,873.33 650.00,873.33
             650.00,873.33 612.67,864.00 612.67,864.00
             612.67,864.00 610.67,840.00 610.67,838.67
             610.67,837.33 636.00,819.33 636.00,819.33
             636.00,819.33 661.33,825.33 661.33,825.33" />
</svg>
