<?xml version="1.0" encoding="UTF-8" standalone="no"?>
<!DOCTYPE svg PUBLIC "-//W3C//DTD SVG 20010904//EN"
              "http://www.w3.org/TR/2001/REC-SVG-20010904/DTD/svg10.dtd">

<svg xmlns="http://www.w3.org/2000/svg"
     width="375.661mm" height="428.219mm"
     viewBox="0 0 1065 1214">
  <path id="square3"
        fill="none" stroke="black" stroke-width="1"
        d="M 658.00,866.00
           C 658.00,866.00 591.33,860.00 591.33,860.00
             591.33,860.00 588.67,824.67 588.67,824.67
             588.67,824.67 566.67,824.00 566.67,824.00
             566.67,824.00 566.00,852.67 566.00,852.67" />
  <path id="square2"
        fill="none" stroke="black" stroke-width="1"
        d="M 690.67,911.33
           C 690.67,911.33 618.67,916.00 618.67,916.00
             618.67,916.00 616.00,813.33 616.00,813.33
             616.00,813.33 688.00,812.00 688.00,812.00
             688.00,812.00 718.00,867.33 718.00,867.33
             718.00,867.33 660.00,866.67 658.67,866.67" />
  <path id="square1"
        fill="none" stroke="black" stroke-width="1"
        d="M 661.33,826.00
           C 661.33,826.00 692.00,810.67 692.00,810.67
             692.00,810.67 692.67,873.33 692.67,873.33
             692.67,873.33 691.33,911.33 691.33,911.33" />
  <path id="2square3"
        fill="none" stroke="black" stroke-width="1"
        d="M 722.18,937.27
           C 722.18,937.27 667.09,938.18 667.09,938.18
             667.09,938.18 660.73,825.09 660.73,825.09" />
  <path id="office2square2"
        fill="none" stroke="black" stroke-width="1"
        d="M 818.36,425.64
           C 818.36,425.64 728.73,421.09 728.73,421.09
             728.73,421.09 726.00,813.64 726.00,813.64
             726.00,813.64 660.91,825.27 660.91,825.27" />
  <path id="office2square"
        fill="none" stroke="black" stroke-width="1"
        d="M 819.45,411.64
           C 819.45,411.64 768.00,419.64 768.00,419.64
             768.00,419.64 728.73,421.27 728.73,421.27
             728.73,421.27 728.18,538.36 728.18,538.36
             728.18,538.36 726.00,814.00 726.00,814.00
             726.00,814.00 693.33,852.00 693.33,852.00
             693.33,852.00 650.00,873.33 650.00,873.33
             650.00,873.33 612.67,864.00 612.67,864.00
             612.67,864.00 610.67,840.00 610.67,838.67
             610.67,837.33 636.00,819.33 636.00,819.33
             636.00,819.33 661.33,825.33 661.33,825.33" />
</svg>
